Trap 22
1 1 1 1 1 1 1 1 1 1 1 1 1 1 1 1 1 1 1 1 1 1 
1 0 0 0 1 0 1 0 0 0 0 0 1 0 0 0 1 0 0 0 2 1 
1 0 1 0 1 0 1 0 1 1 1 1 1 0 1 0 1 0 1 1 1 1 
1 0 1 0 1 0 1 0 1 0 0 0 1 0 1 0 1 0 0 0 0 1 
1 0 1 0 1 0 1 0 1 0 1 0 1 0 1 0 1 0 1 1 0 1 
1 0 1 0 1 0 1 0 1 1 1 0 1 0 1 0 1 0 1 0 0 1 
1 0 1 0 1 0 1 0 0 0 0 0 1 0 1 0 1 0 1 1 0 1 
1 0 1 0 1 0 1 0 1 1 1 1 1 0 1 0 1 0 0 1 0 1 
1 0 1 0 1 0 0 0 0 0 0 0 0 0 1 0 1 1 1 1 0 1 
1 0 1 0 1 0 1 0 1 1 1 1 1 1 1 0 0 0 0 0 0 1 
1 0 1 0 1 0 1 0 0 0 0 0 0 0 0 0 0 1 1 1 1 1 
1 0 1 0 1 0 1 0 1 1 1 1 1 0 1 1 1 1 0 0 0 1 
1 0 1 0 1 0 1 0 1 0 0 0 0 0 0 0 0 1 0 1 0 1 
1 0 1 0 1 0 1 0 1 1 1 1 1 1 1 1 1 1 1 1 0 1 
1 0 1 0 1 0 1 0 0 0 0 0 0 0 0 0 0 0 0 0 0 1 
1 0 1 0 1 0 1 1 1 1 1 1 1 1 1 1 1 1 1 1 0 1 
1 0 1 0 0 0 0 0 0 0 0 0 0 0 0 0 0 0 0 0 0 1 
1 0 1 0 1 1 1 1 1 1 1 1 1 1 1 1 1 1 1 1 1 1 
1 0 1 0 0 0 0 0 0 0 0 0 0 0 0 0 0 0 0 0 0 1 
1 0 1 1 1 1 1 1 1 1 1 1 1 1 1 1 1 1 1 1 0 1 
1 4 0 0 0 0 0 0 0 0 0 0 0 0 0 0 0 0 0 0 0 1 
1 1 1 1 1 1 1 1 1 1 1 1 1 1 1 1 1 1 1 1 1 1 
level2 22
1 1 1 1 1 1 1 1 1 1 1 1 1 1 1 1 1 1 1 1 1 1 
1 0 0 0 1 0 1 0 0 0 0 0 1 0 0 0 1 0 0 0 6 1 
1 0 1 0 1 0 1 0 1 1 1 1 1 0 1 0 1 0 1 1 1 1 
1 0 1 0 1 0 1 0 1 0 0 0 1 0 1 0 1 0 0 0 0 1 
1 0 1 0 1 0 1 0 1 0 1 0 1 0 1 0 1 0 1 1 0 1 
1 0 1 0 1 0 1 0 1 1 1 0 1 0 1 0 1 0 1 0 0 1 
1 0 1 0 1 0 1 0 0 0 0 0 1 0 1 0 1 0 1 1 0 1 
1 0 1 0 1 0 1 0 1 1 1 1 1 0 1 0 1 0 0 1 0 1 
1 0 1 0 1 0 0 0 0 0 0 0 0 0 1 0 1 1 1 1 0 1 
1 0 1 0 1 0 1 0 1 1 1 1 1 1 1 0 0 0 0 0 0 1 
1 0 1 0 1 0 1 0 0 0 0 0 0 0 0 0 0 1 1 1 1 1 
1 0 1 0 1 0 1 0 1 1 1 1 1 0 1 1 1 1 0 0 0 1 
1 0 1 0 1 0 1 0 1 0 0 0 0 0 0 0 0 1 0 1 0 1 
1 0 1 0 1 0 1 0 1 1 1 1 1 1 1 1 1 1 1 1 0 1 
1 0 1 0 1 0 1 0 0 0 0 0 0 0 0 0 0 0 0 0 0 1 
1 0 1 0 1 0 1 1 1 1 1 1 1 1 1 1 1 1 1 1 0 1 
1 0 1 0 0 0 0 0 0 0 0 0 0 0 0 0 0 0 0 0 0 1 
1 0 1 0 1 1 1 1 1 1 1 1 1 1 1 1 1 1 1 1 1 1 
1 0 1 0 0 0 0 0 0 0 0 0 0 0 0 0 0 0 0 0 0 1 
1 0 1 1 1 1 1 1 1 1 1 1 1 1 1 1 1 1 1 1 0 1 
1 0 2 0 0 0 0 0 0 0 0 0 0 0 0 0 0 0 0 0 0 1 
1 1 1 1 1 1 1 1 1 1 1 1 1 1 1 1 1 1 1 1 1 1 
level3 22
1 1 1 1 1 1 1 1 1 1 1 1 1 1 1 1 1 1 1 1 1 1 
1 0 0 0 1 0 1 0 0 0 0 0 1 0 0 0 1 0 0 0 5 1 
1 0 1 0 1 0 1 0 1 1 1 1 1 0 1 0 1 0 1 1 1 1 
1 0 1 0 1 0 1 0 1 0 0 0 1 0 1 0 1 0 0 0 0 1 
1 0 1 0 1 0 1 0 1 0 1 0 1 0 1 0 1 0 1 1 0 1 
1 0 1 0 1 0 1 0 1 1 1 0 1 0 1 0 1 0 1 0 0 1 
1 0 1 0 1 0 1 0 0 0 0 0 1 0 1 0 1 0 1 1 0 1 
1 0 1 0 1 0 1 0 1 1 1 1 1 0 1 0 1 0 0 1 0 1 
1 0 1 0 1 0 0 0 0 0 0 0 0 0 1 0 1 1 1 1 0 1 
1 0 1 0 1 0 1 0 1 1 1 1 1 1 1 0 0 0 0 0 0 1 
1 0 1 0 1 0 1 0 0 0 0 0 0 0 0 0 0 1 1 1 1 1 
1 0 1 0 1 0 1 0 1 1 1 1 1 0 1 1 1 1 0 0 0 1 
1 0 1 0 1 0 1 0 1 0 0 0 0 0 0 0 0 1 0 1 0 1 
1 0 1 0 1 0 1 0 1 1 1 1 1 1 1 1 1 1 1 1 0 1 
1 0 1 0 1 0 1 0 0 0 0 0 0 0 0 0 0 0 0 0 0 1 
1 0 1 0 1 0 1 1 1 1 1 1 1 1 1 1 1 1 1 1 0 1 
1 0 1 0 0 0 0 0 0 0 0 0 0 0 0 0 0 0 0 0 0 1 
1 0 1 0 1 1 1 1 1 1 1 1 1 1 1 1 1 1 1 1 1 1 
1 0 1 0 0 0 0 0 0 0 0 0 0 0 0 0 0 0 0 0 0 1 
1 0 1 1 1 1 1 1 1 1 1 1 1 1 1 1 1 1 1 1 0 1 
1 0 6 0 0 0 0 0 0 0 0 0 0 0 0 0 0 0 0 0 0 1 
1 1 1 1 1 1 1 1 1 1 1 1 1 1 1 1 1 1 1 1 1 1 

deur 22
1 1 1 1 1 1 1 1 1 1 1 1 1 1 1 1 1 1 1 1 1 1 
1 0 0 0 1 0 1 0 0 0 0 0 1 0 0 0 1 0 0 0 0 1 
1 0 1 0 1 0 1 0 1 1 1 1 1 0 1 0 1 0 1 1 1 1 
1 0 1 0 1 0 1 0 1 0 0 0 1 0 1 0 1 0 0 0 0 1 
1 0 1 0 1 0 1 0 1 0 1 0 1 0 1 0 1 0 1 1 0 1 
1 0 1 0 1 0 1 0 1 1 1 0 1 0 1 0 1 0 1 0 0 1 
1 0 1 0 1 0 1 0 0 0 0 0 1 0 1 0 1 0 1 1 0 1 
1 0 1 0 1 0 1 0 1 1 1 1 1 0 1 0 1 0 0 1 0 1 
1 0 1 0 1 0 0 0 0 0 0 0 0 0 1 0 1 1 1 1 0 1 
1 0 1 0 1 0 1 0 1 1 1 1 1 1 1 0 0 0 0 0 0 1 
1 0 1 0 1 0 1 0 0 0 0 0 0 0 0 0 0 1 1 1 1 1 
1 0 1 0 1 0 1 0 1 1 1 1 1 0 1 1 1 1 0 0 0 1 
1 0 1 0 1 0 1 0 1 0 0 0 0 0 0 0 0 1 0 1 0 1 
1 0 0 0 1 0 1 0 1 1 1 1 1 1 1 1 1 1 1 1 0 1 
1 0 1 0 1 0 1 0 0 0 0 0 0 0 0 0 0 0 0 0 0 1 
1 0 0 0 1 0 1 1 1 1 1 1 1 1 1 1 1 1 1 1 0 1 
1 0 0 0 0 0 0 0 0 0 0 0 0 0 0 0 0 0 0 0 0 1 
1 0 0 0 1 0 1 0 1 0 0 0 0 0 0 0 0 0 0 0 0 1 
1 0 0 0 7 0 7 0 7 0 0 0 0 0 0 0 0 0 0 0 0 1 
1 0 0 0 1 0 1 0 1 0 0 0 0 0 0 0 0 0 0 0 0 1 
1 4 0 0 0 0 0 0 0 0 0 0 0 0 0 0 0 0 0 0 0 1 
1 1 1 1 1 1 1 1 1 1 1 1 1 1 1 1 1 1 1 1 1 1 
level2 22
1 1 1 1 1 1 1 1 1 1 1 1 1 1 1 1 1 1 1 1 1 1 
1 0 0 0 1 0 1 0 0 0 0 0 1 0 0 0 1 0 0 0 0 1 
1 0 1 0 1 0 1 0 1 1 1 1 1 0 1 0 1 0 1 1 1 1 
1 0 1 0 1 0 1 0 1 0 0 0 1 0 1 0 1 0 0 0 0 1 
1 0 1 0 1 0 1 0 1 0 1 0 1 0 1 0 1 0 1 1 0 1 
1 0 1 0 1 0 1 0 1 1 1 0 1 0 1 0 1 0 1 0 0 1 
1 0 1 0 1 0 1 0 0 0 0 0 1 0 1 0 1 0 1 1 0 1 
1 0 1 0 1 0 1 0 1 1 1 1 1 0 1 0 1 0 0 1 0 1 
1 0 1 0 1 0 0 0 0 0 0 0 0 0 1 0 1 1 1 1 0 1 
1 0 1 0 1 0 1 0 1 1 1 1 1 1 1 0 0 0 0 0 0 1 
1 0 1 0 1 0 1 0 0 0 0 0 0 0 0 0 0 1 1 1 1 1 
1 0 1 0 1 0 1 0 1 1 1 1 1 0 1 1 1 1 0 0 0 1 
1 0 1 0 1 0 1 0 1 0 0 0 0 0 0 0 0 1 0 1 0 1 
1 0 1 0 1 0 1 0 1 1 1 1 1 1 1 1 1 1 1 1 0 1 
1 0 1 0 1 0 1 0 0 0 0 0 0 0 0 0 0 0 0 0 0 1 
1 0 1 0 1 0 1 1 1 1 1 1 1 1 1 1 1 1 1 1 0 1 
1 0 1 0 0 0 0 0 0 0 0 0 0 0 0 0 0 0 0 0 0 1 
1 0 1 0 1 1 1 1 1 1 1 1 1 1 1 1 1 1 1 1 1 1 
1 0 1 0 0 0 0 0 0 0 0 0 0 0 0 0 0 0 0 0 0 1 
1 0 1 1 1 1 1 1 1 1 1 1 1 1 1 1 1 1 1 1 0 1 
1 0 0 0 0 0 0 0 0 0 0 0 0 0 0 0 0 0 0 0 0 1 
1 1 1 1 1 1 1 1 1 1 1 1 1 1 1 1 1 1 1 1 1 1 
level3 22
1 1 1 1 1 1 1 1 1 1 1 1 1 1 1 1 1 1 1 1 1 1 
1 0 0 0 1 0 1 0 0 0 0 0 1 0 0 0 1 0 0 0 5 1 
1 0 1 0 1 0 1 0 1 1 1 1 1 0 1 0 1 0 1 1 1 1 
1 0 1 0 1 0 1 0 1 0 0 0 1 0 1 0 1 0 0 0 0 1 
1 0 1 0 1 0 1 0 1 0 1 0 1 0 1 0 1 0 1 1 0 1 
1 0 1 0 1 0 1 0 1 1 1 0 1 0 1 0 1 0 1 0 0 1 
1 0 1 0 1 0 1 0 0 0 0 0 1 0 1 0 1 0 1 1 0 1 
1 0 1 0 1 0 1 0 1 1 1 1 1 0 1 0 1 0 0 1 0 1 
1 0 1 0 1 0 0 0 0 0 0 0 0 0 1 0 1 1 1 1 0 1 
1 0 1 0 1 0 1 0 1 1 1 1 1 1 1 0 0 0 0 0 0 1 
1 0 1 0 1 0 1 0 0 0 0 0 0 0 0 0 0 1 1 1 1 1 
1 0 1 0 1 0 1 0 1 1 1 1 1 0 1 1 1 1 0 0 0 1 
1 0 1 0 1 0 1 0 1 0 0 0 0 0 0 0 0 1 0 1 0 1 
1 0 1 0 1 0 1 0 1 1 1 1 1 1 1 1 1 1 1 1 0 1 
1 0 1 0 1 0 1 0 0 0 0 0 0 0 0 0 0 0 0 0 0 1 
1 0 1 0 1 0 1 1 1 1 1 1 1 1 1 1 1 1 1 1 0 1 
1 0 1 0 0 0 0 0 0 0 0 0 0 0 0 0 0 0 0 0 0 1 
1 0 1 0 1 1 1 1 1 1 1 1 1 1 1 1 1 1 1 1 1 1 
1 0 1 0 0 0 0 0 0 0 0 0 0 0 0 0 0 0 0 0 0 1 
1 0 1 1 1 1 1 1 1 1 1 1 1 1 1 1 1 1 1 1 0 1 
1 0 0 0 0 0 0 0 0 0 0 0 0 0 0 0 0 0 0 0 0 1 
1 1 1 1 1 1 1 1 1 1 1 1 1 1 1 1 1 1 1 1 1 1 

smart 22
1 1 1 1 1 1 1 1 1 1 1 1 1 1 1 1 1 1 1 1 1 1 
1 0 0 0 1 0 1 0 0 0 0 0 1 0 0 0 1 0 0 0 0 1 
1 0 1 0 1 0 1 0 1 1 1 1 1 0 1 0 1 0 1 1 1 1 
1 0 1 0 1 0 1 0 1 0 0 0 1 0 1 0 1 0 0 0 0 1 
1 0 1 0 1 0 1 0 1 0 1 0 1 0 1 0 1 0 1 1 0 1 
1 0 1 0 1 0 1 0 1 1 1 0 1 0 1 0 1 0 1 0 0 1 
1 0 1 0 1 0 1 0 0 0 0 0 1 0 1 0 1 0 1 1 0 1 
1 0 1 0 1 0 1 0 1 1 1 1 1 0 1 0 1 0 0 1 0 1 
1 0 1 0 1 0 0 0 0 0 0 0 0 0 1 0 1 1 1 1 0 1 
1 0 1 0 1 0 1 0 1 1 1 1 1 1 1 0 0 0 0 0 0 1 
1 0 1 0 1 0 1 0 0 0 0 0 0 0 0 0 0 1 1 1 1 1 
1 0 1 0 1 0 1 0 1 1 1 1 1 0 1 1 1 1 0 0 0 1 
1 0 1 0 1 0 1 0 1 0 0 0 0 0 0 0 0 1 0 1 0 1 
1 0 1 0 1 0 1 0 1 1 1 1 1 1 1 1 1 1 1 1 0 1 
1 0 0 0 1 0 1 0 0 0 0 0 0 0 0 0 0 0 0 0 0 1 
1 0 0 0 1 0 1 1 1 1 1 1 1 1 1 1 1 1 1 1 0 1 
1 0 0 0 0 0 0 0 0 0 0 0 0 0 0 0 0 0 0 0 0 1 
1 0 0 0 1 1 1 1 1 1 1 1 1 1 1 1 1 1 1 1 1 1 
1 3 3 3 3 3 0 0 0 0 0 0 0 0 0 0 0 0 0 0 0 1 
1 3 3 3 3 3 0 1 1 1 1 1 1 1 1 1 1 1 1 1 0 1 
1 4 3 3 3 3 0 0 0 0 0 0 0 0 0 0 0 0 0 0 0 1 
1 1 1 1 1 1 1 1 1 1 1 1 1 1 1 1 1 1 1 1 1 1 
level2 22
1 1 1 1 1 1 1 1 1 1 1 1 1 1 1 1 1 1 1 1 1 1 
1 0 0 0 1 0 1 0 0 0 0 0 1 0 0 0 1 0 0 0 0 1 
1 0 1 0 1 0 1 0 1 1 1 1 1 0 1 0 1 0 1 1 1 1 
1 0 1 0 1 0 1 0 1 0 0 0 1 0 1 0 1 0 0 0 0 1 
1 0 1 0 1 0 1 0 1 0 1 0 1 0 1 0 1 0 1 1 0 1 
1 0 1 0 1 0 1 0 1 1 1 0 1 0 1 0 1 0 1 0 0 1 
1 0 1 0 1 0 1 0 0 0 0 0 1 0 1 0 1 0 1 1 0 1 
1 0 1 0 1 0 1 0 1 1 1 1 1 0 1 0 1 0 0 1 0 1 
1 0 1 0 1 0 0 0 0 0 0 0 0 0 1 0 1 1 1 1 0 1 
1 0 1 0 1 0 1 0 1 1 1 1 1 1 1 0 0 0 0 0 0 1 
1 0 1 0 1 0 1 0 0 0 0 0 0 0 0 0 0 1 1 1 1 1 
1 0 1 0 1 0 1 0 1 1 1 1 1 0 1 1 1 1 0 0 0 1 
1 0 1 0 1 0 1 0 1 0 0 0 0 0 0 0 0 1 0 1 0 1 
1 0 1 0 1 0 1 0 1 1 1 1 1 1 1 1 1 1 1 1 0 1 
1 0 1 0 1 0 1 0 0 0 0 0 0 0 0 0 0 0 0 0 0 1 
1 0 1 0 1 0 1 1 1 1 1 1 1 1 1 1 1 1 1 1 0 1 
1 0 1 0 0 0 0 0 0 0 0 0 0 0 0 0 0 0 0 0 0 1 
1 0 1 0 1 1 1 1 1 1 1 1 1 1 1 1 1 1 1 1 1 1 
1 0 1 0 0 0 0 0 0 0 0 0 0 0 0 0 0 0 0 0 0 1 
1 0 1 1 1 1 1 1 1 1 1 1 1 1 1 1 1 1 1 1 0 1 
1 0 0 0 0 0 0 0 0 0 0 0 0 0 0 0 0 0 0 0 0 1 
1 1 1 1 1 1 1 1 1 1 1 1 1 1 1 1 1 1 1 1 1 1 
level3 22
1 1 1 1 1 1 1 1 1 1 1 1 1 1 1 1 1 1 1 1 1 1 
1 0 0 0 1 0 1 0 0 0 0 0 1 0 0 0 1 0 0 0 5 1 
1 0 1 0 1 0 1 0 1 1 1 1 1 0 1 0 1 0 1 1 1 1 
1 0 1 0 1 0 1 0 1 0 0 0 1 0 1 0 1 0 0 0 0 1 
1 0 1 0 1 0 1 0 1 0 1 0 1 0 1 0 1 0 1 1 0 1 
1 0 1 0 1 0 1 0 1 1 1 0 1 0 1 0 1 0 1 0 0 1 
1 0 1 0 1 0 1 0 0 0 0 0 1 0 1 0 1 0 1 1 0 1 
1 0 1 0 1 0 1 0 1 1 1 1 1 0 1 0 1 0 0 1 0 1 
1 0 1 0 1 0 0 0 0 0 0 0 0 0 1 0 1 1 1 1 0 1 
1 0 1 0 1 0 1 0 1 1 1 1 1 1 1 0 0 0 0 0 0 1 
1 0 1 0 1 0 1 0 0 0 0 0 0 0 0 0 0 1 1 1 1 1 
1 0 1 0 1 0 1 0 1 1 1 1 1 0 1 1 1 1 0 0 0 1 
1 0 1 0 1 0 1 0 1 0 0 0 0 0 0 0 0 1 0 1 0 1 
1 0 1 0 1 0 1 0 1 1 1 1 1 1 1 1 1 1 1 1 0 1 
1 0 1 0 1 0 1 0 0 0 0 0 0 0 0 0 0 0 0 0 0 1 
1 0 1 0 1 0 1 1 1 1 1 1 1 1 1 1 1 1 1 1 0 1 
1 0 1 0 0 0 0 0 0 0 0 0 0 0 0 0 0 0 0 0 0 1 
1 0 1 0 1 1 1 1 1 1 1 1 1 1 1 1 1 1 1 1 1 1 
1 0 1 0 0 0 0 0 0 0 0 0 0 0 0 0 0 0 0 0 0 1 
1 0 1 1 1 1 1 1 1 1 1 1 1 1 1 1 1 1 1 1 0 1 
1 0 0 0 0 0 0 0 0 0 0 0 0 0 0 0 0 0 0 0 0 1 
1 1 1 1 1 1 1 1 1 1 1 1 1 1 1 1 1 1 1 1 1 1 

deur1 22
1 1 1 1 1 1 1 1 1 1 1 1 1 1 1 1 1 1 1 1 1 1 
1 0 0 0 0 0 0 0 0 0 0 0 1 0 0 0 1 0 0 0 0 1 
1 0 0 0 0 0 0 0 1 1 1 1 1 0 1 0 1 0 1 1 1 1 
1 0 0 0 0 0 0 0 1 0 0 0 1 0 1 0 1 0 0 0 0 1 
1 0 0 0 0 0 0 0 1 0 1 0 1 0 1 0 1 0 1 1 0 1 
1 0 0 0 0 0 0 0 1 1 1 0 1 0 1 0 1 0 1 0 0 1 
1 0 0 0 0 0 0 0 0 0 0 0 1 0 1 0 1 0 1 1 0 1 
1 0 0 0 0 0 0 0 1 1 1 1 1 0 1 0 1 0 0 1 0 1 
1 0 0 0 0 0 0 0 0 0 0 0 0 0 1 0 1 1 1 1 0 1 
1 0 0 0 0 0 0 0 1 1 1 1 1 1 1 0 0 0 0 0 0 1 
1 0 0 0 0 0 0 0 0 0 0 0 0 0 0 0 0 1 1 1 1 1 
1 0 0 0 1 7 1 0 1 1 1 1 1 0 1 1 1 1 0 0 0 1 
1 0 0 0 1 0 1 0 1 0 0 0 0 0 0 0 0 1 0 1 0 1 
1 0 0 0 1 0 1 0 1 1 1 1 1 1 1 1 1 1 1 1 0 1 
1 0 0 0 1 0 1 0 0 0 0 0 0 0 0 0 0 0 0 0 0 1 
1 0 0 0 1 7 0 1 0 0 0 0 0 0 0 0 0 0 0 0 0 1 
1 1 1 1 1 1 0 1 1 0 0 0 0 0 0 0 0 0 0 0 0 1 
1 0 0 0 0 1 0 0 1 0 0 0 0 0 0 0 0 0 0 0 0 1 
1 1 7 1 0 7 0 0 7 0 0 0 0 0 0 0 0 0 0 0 0 1 
1 0 0 1 0 1 0 1 1 0 0 0 0 0 0 0 0 0 0 0 0 1 
1 4 0 1 0 1 1 0 0 0 0 0 0 0 0 0 0 0 0 0 0 1 
1 1 1 1 1 1 1 1 1 1 1 1 1 1 1 1 1 1 1 1 1 1 
level2 22
1 1 1 1 1 1 1 1 1 1 1 1 1 1 1 1 1 1 1 1 1 1 
1 0 0 0 1 0 1 0 0 0 0 0 1 0 0 0 1 0 0 0 0 1 
1 0 1 0 1 0 1 0 1 1 1 1 1 0 1 0 1 0 1 1 1 1 
1 0 1 0 1 0 1 0 1 0 0 0 1 0 1 0 1 0 0 0 0 1 
1 0 1 0 1 0 1 0 1 0 1 0 1 0 1 0 1 0 1 1 0 1 
1 0 1 0 1 0 1 0 1 1 1 0 1 0 1 0 1 0 1 0 0 1 
1 0 1 0 1 0 1 0 0 0 0 0 1 0 1 0 1 0 1 1 0 1 
1 0 1 0 1 0 1 0 1 1 1 1 1 0 1 0 1 0 0 1 0 1 
1 0 1 0 1 0 0 0 0 0 0 0 0 0 1 0 1 1 1 1 0 1 
1 0 1 0 1 0 1 0 1 1 1 1 1 1 1 0 0 0 0 0 0 1 
1 0 1 0 1 0 1 0 0 0 0 0 0 0 0 0 0 1 1 1 1 1 
1 0 1 0 1 0 1 0 1 1 1 1 1 0 1 1 1 1 0 0 0 1 
1 0 1 0 1 0 1 0 1 0 0 0 0 0 0 0 0 1 0 1 0 1 
1 0 1 0 1 0 1 0 1 1 1 1 1 1 1 1 1 1 1 1 0 1 
1 0 1 0 1 0 1 0 0 0 0 0 0 0 0 0 0 0 0 0 0 1 
1 0 1 0 1 0 1 1 1 1 1 1 1 1 1 1 1 1 1 1 0 1 
1 0 1 0 0 0 0 0 0 0 0 0 0 0 0 0 0 0 0 0 0 1 
1 0 1 0 1 1 1 1 1 1 1 1 1 1 1 1 1 1 1 1 1 1 
1 0 1 0 0 0 0 0 0 0 0 0 0 0 0 0 0 0 0 0 0 1 
1 0 1 1 1 1 1 1 1 1 1 1 1 1 1 1 1 1 1 1 0 1 
1 0 0 0 0 0 0 0 0 0 0 0 0 0 0 0 0 0 0 0 0 1 
1 1 1 1 1 1 1 1 1 1 1 1 1 1 1 1 1 1 1 1 1 1 
level3 22
1 1 1 1 1 1 1 1 1 1 1 1 1 1 1 1 1 1 1 1 1 1 
1 0 0 0 1 0 1 0 0 0 0 0 1 0 0 0 1 0 0 0 5 1 
1 0 1 0 1 0 1 0 1 1 1 1 1 0 1 0 1 0 1 1 1 1 
1 0 1 0 1 0 1 0 1 0 0 0 1 0 1 0 1 0 0 0 0 1 
1 0 1 0 1 0 1 0 1 0 1 0 1 0 1 0 1 0 1 1 0 1 
1 0 1 0 1 0 1 0 1 1 1 0 1 0 1 0 1 0 1 0 0 1 
1 0 1 0 1 0 1 0 0 0 0 0 1 0 1 0 1 0 1 1 0 1 
1 0 1 0 1 0 1 0 1 1 1 1 1 0 1 0 1 0 0 1 0 1 
1 0 1 0 1 0 0 0 0 0 0 0 0 0 1 0 1 1 1 1 0 1 
1 0 1 0 1 0 1 0 1 1 1 1 1 1 1 0 0 0 0 0 0 1 
1 0 1 0 1 0 1 0 0 0 0 0 0 0 0 0 0 1 1 1 1 1 
1 0 1 0 1 0 1 0 1 1 1 1 1 0 1 1 1 1 0 0 0 1 
1 0 1 0 1 0 1 0 1 0 0 0 0 0 0 0 0 1 0 1 0 1 
1 0 1 0 1 0 1 0 1 1 1 1 1 1 1 1 1 1 1 1 0 1 
1 0 1 0 1 0 1 0 0 0 0 0 0 0 0 0 0 0 0 0 0 1 
1 0 1 0 1 0 1 1 1 1 1 1 1 1 1 1 1 1 1 1 0 1 
1 0 1 0 0 0 0 0 0 0 0 0 0 0 0 0 0 0 0 0 0 1 
1 0 1 0 1 1 1 1 1 1 1 1 1 1 1 1 1 1 1 1 1 1 
1 0 1 0 0 0 0 0 0 0 0 0 0 0 0 0 0 0 0 0 0 1 
1 0 1 1 1 1 1 1 1 1 1 1 1 1 1 1 1 1 1 1 0 1 
1 0 0 0 0 0 0 0 0 0 0 0 0 0 0 0 0 0 0 0 0 1 
1 1 1 1 1 1 1 1 1 1 1 1 1 1 1 1 1 1 1 1 1 1 

easy 22
1 1 1 1 1 1 1 1 1 1 1 1 1 1 1 1 1 1 1 1 1 1 
1 0 0 0 0 0 0 0 0 0 0 0 0 0 0 0 0 0 0 0 0 1 
1 0 0 0 0 0 0 0 0 0 0 0 0 0 0 0 0 0 0 0 0 1 
1 0 0 0 0 0 0 0 0 0 0 0 0 0 0 0 0 0 0 0 0 1 
1 0 0 0 0 0 0 0 0 0 0 0 0 0 0 0 0 0 0 0 0 1 
1 0 0 0 0 0 0 0 0 0 0 0 0 0 0 0 0 0 0 0 0 1 
1 0 0 0 0 0 0 0 0 0 0 0 0 0 0 0 0 0 0 0 0 1 
1 0 0 0 0 0 0 0 0 0 0 0 0 0 0 0 0 0 0 0 0 1 
1 0 0 0 0 0 0 0 0 1 1 7 1 1 1 1 1 1 0 0 0 1 
1 1 1 1 1 1 1 0 0 1 0 0 0 1 0 0 0 1 0 0 0 1 
1 0 0 0 0 0 1 0 0 1 0 0 0 1 0 0 0 1 0 0 0 1 
1 0 0 0 0 0 1 0 0 1 0 0 0 7 0 0 0 7 0 0 0 1 
1 0 0 0 0 0 1 0 0 1 0 0 0 1 0 0 0 1 1 1 1 1 
1 0 0 2 0 0 7 0 0 1 0 0 0 1 0 0 0 1 1 1 1 1 
1 0 0 0 0 0 1 0 0 1 7 1 1 1 1 1 1 1 1 1 1 1 
1 0 0 0 0 0 1 0 0 0 0 0 0 0 0 0 0 0 1 1 1 1 
1 0 0 0 0 0 1 0 0 0 0 0 0 0 0 0 0 0 1 1 1 1 
1 0 0 0 0 0 1 0 1 7 1 1 0 0 0 0 0 0 1 1 1 1 
1 0 0 0 0 0 1 0 1 0 0 1 0 0 0 0 0 0 1 1 1 1 
1 1 1 1 1 1 1 7 1 0 0 1 0 0 0 0 0 0 1 1 1 1 
1 4 0 0 0 0 0 0 1 0 0 1 0 0 0 0 0 0 1 1 1 1 
1 1 1 1 1 1 1 1 1 1 1 1 1 1 1 1 1 1 1 1 1 1 
level2 22
1 1 1 1 1 1 1 1 1 1 1 1 1 1 1 1 1 1 1 1 1 1 
1 0 0 0 0 0 0 0 0 0 0 0 0 0 0 0 0 0 0 0 0 1 
1 0 0 1 1 1 1 1 1 1 1 1 1 1 1 1 1 1 1 1 0 1 
1 0 0 1 0 0 0 0 0 0 0 1 0 0 0 0 0 0 0 1 2 1 
1 0 0 1 0 0 0 0 0 0 0 1 0 0 0 0 0 0 0 1 0 1 
1 0 0 1 0 0 0 0 0 0 0 1 0 0 0 0 0 0 0 1 0 1 
1 0 0 1 0 0 0 0 0 0 0 1 0 0 0 0 0 0 0 1 0 1 
1 0 0 1 0 0 0 0 0 0 0 1 0 0 0 0 0 0 0 1 0 1 
1 1 0 1 0 0 0 0 0 0 0 1 0 0 0 0 0 0 0 1 0 1 
1 1 0 7 0 0 0 0 0 0 0 7 0 0 0 0 0 0 0 7 0 1 
1 1 0 1 0 0 0 0 0 0 0 1 0 0 0 0 0 0 0 1 0 1 
1 1 0 1 0 0 0 0 0 0 0 1 0 0 0 0 0 0 0 1 0 1 
1 1 0 1 1 1 1 1 1 1 1 1 1 1 1 1 1 1 1 1 0 1 
1 1 0 6 0 0 0 0 0 0 0 0 0 0 0 0 0 0 0 0 0 1 
1 1 0 1 1 1 1 1 1 1 1 1 1 1 1 1 1 1 1 1 7 1 
1 1 0 7 0 0 0 0 0 0 0 0 0 0 0 0 0 0 0 0 0 1 
1 1 1 1 0 0 0 0 0 0 0 0 0 0 0 0 0 0 0 0 0 1 
1 0 0 0 0 0 0 0 0 0 0 0 0 0 0 0 0 0 0 0 0 1 
1 0 0 0 0 0 0 0 0 0 0 0 0 0 0 0 0 0 0 0 0 1 
1 0 0 0 0 0 0 0 0 0 0 0 0 0 0 0 0 0 0 0 0 1 
1 0 0 0 0 0 0 0 0 0 0 0 0 0 0 0 0 0 0 0 0 1 
1 1 1 1 1 1 1 1 1 1 1 1 1 1 1 1 1 1 1 1 1 1 
level3 22
1 1 1 1 1 1 1 1 1 1 1 1 1 1 1 1 1 1 1 1 1 1 
1 0 0 0 1 0 1 0 0 0 0 0 1 0 0 0 1 0 0 0 5 1 
1 0 1 0 1 0 1 0 1 1 1 1 1 0 1 0 1 0 1 1 1 1 
1 0 1 0 1 0 1 0 1 0 0 0 1 0 1 0 1 0 0 0 6 1 
1 0 1 0 1 0 1 0 1 0 1 0 1 0 1 0 1 1 1 1 1 1 
1 0 1 0 1 0 1 0 1 1 1 0 1 0 1 0 1 0 1 0 0 1 
1 0 1 0 1 0 1 0 0 0 0 0 1 0 1 0 1 0 1 1 0 1 
1 0 1 0 1 0 1 0 1 1 1 1 1 0 1 0 1 0 0 1 0 1 
1 0 1 0 1 0 0 0 0 0 0 0 0 0 1 0 1 1 1 1 0 1 
1 0 1 0 1 0 1 0 1 1 1 1 1 1 1 0 0 0 0 0 0 1 
1 0 1 0 1 0 1 0 0 0 0 0 0 0 0 0 0 1 1 1 1 1 
1 0 1 0 1 0 1 0 1 1 1 1 1 0 1 1 1 1 0 0 0 1 
1 0 1 0 1 0 1 0 1 0 0 0 0 0 0 0 0 1 0 1 0 1 
1 0 1 0 1 0 1 0 1 1 1 1 1 1 1 1 1 1 1 1 0 1 
1 0 1 0 1 0 1 0 0 0 0 0 0 0 0 0 0 0 0 0 0 1 
1 0 1 0 1 0 1 1 1 1 1 1 1 1 1 1 1 1 1 1 0 1 
1 0 1 0 0 0 0 0 0 0 0 0 0 0 0 0 0 0 0 0 0 1 
1 0 1 0 1 1 1 1 1 1 1 1 1 1 1 1 1 1 1 1 1 1 
1 0 1 0 0 0 0 0 0 0 0 0 0 0 0 0 0 0 0 0 0 1 
1 0 1 1 1 1 1 1 1 1 1 1 1 1 1 1 1 1 1 1 0 1 
1 0 0 0 0 0 0 0 0 0 0 0 0 0 0 0 0 0 0 0 0 1 
1 1 1 1 1 1 1 1 1 1 1 1 1 1 1 1 1 1 1 1 1 1 

hi 22
1 1 1 1 1 1 1 1 1 1 1 1 1 1 1 1 1 1 1 1 1 1 
1 1 1 1 1 1 1 1 1 1 1 1 1 1 1 1 1 1 2 1 1 1 
1 1 1 1 1 1 1 1 1 1 1 1 1 1 1 1 1 1 7 1 1 1 
1 1 1 1 0 0 0 0 0 1 1 1 1 1 1 1 1 0 0 1 1 1 
1 1 1 1 0 0 0 0 0 1 1 1 1 1 1 1 0 0 1 1 1 1 
1 1 1 1 0 0 0 0 0 1 1 1 1 1 1 0 0 1 1 1 1 1 
1 1 1 1 0 0 0 0 0 1 1 1 1 1 0 0 1 1 1 1 1 1 
1 1 1 1 0 0 0 0 0 1 1 1 1 0 0 1 1 1 1 1 1 1 
1 1 1 1 1 1 1 1 1 1 1 1 0 0 1 1 1 1 1 1 1 1 
1 1 1 1 1 1 1 1 1 1 1 0 0 1 1 1 1 1 1 1 1 1 
1 1 1 1 1 1 1 1 1 1 0 0 1 1 1 1 1 1 1 1 1 1 
1 1 1 1 1 1 1 1 1 0 0 1 1 1 1 1 1 1 1 1 1 1 
1 1 1 1 1 1 1 1 0 0 1 1 1 1 1 1 1 1 1 1 1 1 
1 1 1 1 1 1 1 0 0 1 1 1 1 1 1 1 1 1 1 1 1 1 
1 1 1 1 1 1 0 0 1 1 1 1 1 1 1 1 1 1 1 1 1 1 
1 1 1 1 1 0 0 1 1 1 1 1 1 1 0 0 0 0 0 1 1 1 
1 1 1 1 0 0 1 1 1 1 1 1 1 1 0 0 0 0 0 1 1 1 
1 1 1 0 0 1 1 1 1 1 1 1 1 1 0 0 0 0 0 1 1 1 
1 1 0 0 1 1 1 1 1 1 1 1 1 1 0 0 0 0 0 1 1 1 
1 0 0 1 1 1 1 1 1 1 1 1 1 1 0 0 0 0 0 1 1 1 
1 4 1 1 1 1 1 1 1 1 1 1 1 1 1 1 1 1 1 1 1 1 
1 1 1 1 1 1 1 1 1 1 1 1 1 1 1 1 1 1 1 1 1 1 
level2 22
1 1 1 1 1 1 1 1 1 1 1 1 1 1 1 1 1 1 1 1 1 1 
1 0 0 0 1 0 1 0 0 0 0 0 1 0 0 0 1 1 6 2 1 1 
1 0 1 0 1 0 1 0 1 1 1 1 1 0 1 0 1 0 1 1 1 1 
1 0 1 0 1 0 1 0 1 0 0 0 1 0 1 0 1 0 0 0 0 1 
1 0 1 0 1 0 1 0 1 0 1 0 1 0 1 0 1 0 1 1 0 1 
1 0 1 0 1 0 1 0 1 1 1 0 1 0 1 0 1 0 1 0 0 1 
1 0 1 0 1 0 1 0 0 0 0 0 1 0 1 0 1 0 1 1 0 1 
1 0 1 0 1 0 1 0 1 1 1 1 1 0 1 0 1 0 0 1 0 1 
1 0 1 0 1 0 0 0 0 0 0 0 0 0 1 0 1 1 1 1 0 1 
1 0 1 0 1 0 1 0 1 1 1 1 1 1 1 0 0 0 0 0 0 1 
1 0 1 0 1 0 1 0 0 0 0 0 0 0 0 0 0 1 1 1 1 1 
1 0 1 0 1 0 1 0 1 1 1 1 1 0 1 1 1 1 0 0 0 1 
1 0 1 0 1 0 1 0 1 0 0 0 0 0 0 0 0 1 0 1 0 1 
1 0 1 0 1 0 1 0 1 1 1 1 1 1 1 1 1 1 1 1 0 1 
1 0 1 0 1 0 1 0 0 0 0 0 0 0 0 0 0 0 0 0 0 1 
1 0 1 0 1 0 1 1 1 1 1 1 1 1 1 1 1 1 1 1 0 1 
1 0 1 0 0 0 0 0 0 0 0 0 0 0 0 0 0 0 0 0 0 1 
1 0 1 0 0 0 1 1 1 1 1 1 1 1 1 1 1 1 1 1 1 1 
1 0 1 0 0 0 0 0 0 0 0 0 0 0 0 0 0 0 0 0 0 1 
1 0 0 0 1 1 1 1 1 1 1 1 1 1 1 1 1 1 1 1 0 1 
1 0 0 0 0 0 0 0 0 0 0 0 0 0 0 0 0 0 0 0 0 1 
1 1 1 1 1 1 1 1 1 1 1 1 1 1 1 1 1 1 1 1 1 1 
level3 22
1 1 1 1 1 1 1 1 1 1 1 1 1 1 1 1 1 1 1 1 1 1 
1 0 0 0 1 0 1 0 0 0 0 0 1 0 0 0 1 0 1 6 5 1 
1 0 1 0 1 0 1 0 1 1 1 1 1 0 1 0 1 0 1 1 1 1 
1 0 1 0 1 0 1 0 1 0 0 0 1 0 1 0 1 0 0 0 0 1 
1 0 1 0 1 0 1 0 1 0 1 0 1 0 1 0 1 0 1 1 0 1 
1 0 1 0 1 0 1 0 1 1 1 0 1 0 1 0 1 0 1 0 0 1 
1 0 1 0 1 0 1 0 0 0 0 0 1 0 1 0 1 0 1 1 0 1 
1 0 1 0 1 0 1 0 1 1 1 1 1 0 1 0 1 0 0 1 0 1 
1 0 1 0 1 0 0 0 0 0 0 0 0 0 1 0 1 1 1 1 0 1 
1 0 1 0 1 0 1 0 1 1 1 1 1 1 1 0 0 0 0 0 0 1 
1 0 1 0 1 0 1 0 0 0 0 0 0 0 0 0 0 1 1 1 1 1 
1 0 1 0 1 0 1 0 1 1 1 1 1 0 1 1 1 1 0 0 0 1 
1 0 1 0 1 0 1 0 1 0 0 0 0 0 0 0 0 1 0 1 0 1 
1 0 1 0 1 0 1 0 1 1 1 1 1 1 1 1 1 1 1 1 0 1 
1 0 1 0 1 0 1 0 0 0 0 0 0 0 0 0 0 0 0 0 0 1 
1 0 1 0 1 0 1 1 1 1 1 1 1 1 1 1 1 1 1 1 0 1 
1 0 1 0 0 0 0 0 0 0 0 0 0 0 0 0 0 0 0 0 0 1 
1 0 1 0 1 1 1 1 1 1 1 1 1 1 1 1 1 1 1 1 1 1 
1 0 1 0 0 0 0 0 0 0 0 0 0 0 0 0 0 0 0 0 0 1 
1 0 1 1 1 1 1 1 1 1 1 1 1 1 1 1 1 1 1 1 0 1 
1 0 0 0 0 0 0 0 0 0 0 0 0 0 0 0 0 0 0 0 0 1 
1 1 1 1 1 1 1 1 1 1 1 1 1 1 1 1 1 1 1 1 1 1 

BetereMedium 22
1 1 1 1 1 1 1 1 1 1 1 1 1 1 1 1 1 1 1 1 1 1 
1 1 1 1 1 1 1 1 1 1 1 1 1 1 1 1 1 1 1 1 1 1 
1 1 1 0 0 0 0 1 1 1 1 1 1 1 1 1 1 1 1 1 1 1 
1 1 1 0 1 1 0 1 1 1 1 1 0 0 0 0 0 0 0 1 1 1 
1 0 0 0 1 1 0 1 1 1 1 1 0 1 1 0 1 1 0 1 1 1 
1 0 1 1 1 1 7 1 1 1 1 1 0 1 1 0 1 1 0 1 1 1 
1 0 1 1 0 7 0 7 0 0 0 0 0 0 7 0 7 0 0 1 1 1 
1 0 1 1 0 1 7 1 1 1 1 1 0 1 1 0 1 1 0 1 1 1 
1 0 0 0 0 1 0 1 1 1 1 1 0 1 1 0 1 1 0 1 1 1 
1 0 1 1 0 1 1 1 1 1 1 1 0 1 1 0 1 1 0 1 1 1 
1 0 1 1 0 1 1 1 0 7 0 1 0 1 0 0 0 0 0 0 0 1 
1 0 0 0 0 0 0 0 0 1 0 1 0 1 1 1 1 0 1 1 0 1 
1 0 1 0 1 1 1 1 1 1 0 1 0 1 1 1 1 1 1 1 0 1 
1 0 1 1 1 1 1 1 1 1 0 0 0 1 1 0 1 1 1 1 0 1 
1 0 1 1 0 0 0 0 0 0 7 1 1 1 1 0 1 0 1 1 0 1 
1 0 1 1 0 1 1 1 1 1 0 1 0 0 1 0 1 0 1 1 0 1 
1 0 0 0 0 0 0 0 0 1 0 1 1 0 1 0 1 0 1 1 0 1 
1 0 1 1 0 1 7 1 0 1 0 1 7 0 0 0 1 0 0 0 0 1 
1 0 1 1 0 1 0 1 0 1 0 1 1 0 1 1 1 0 1 1 1 1 
1 1 1 1 0 1 0 0 0 1 0 0 0 0 1 1 1 0 1 2 1 1 
1 4 0 0 0 1 0 0 0 1 1 1 1 1 1 1 1 0 7 0 1 1 
1 1 1 1 1 1 1 1 1 1 1 1 1 1 1 1 1 1 1 1 1 1 
level2 22
1 1 1 1 1 1 1 1 1 1 1 1 1 1 1 1 1 1 1 1 1 1 
1 1 0 1 1 1 1 0 0 0 1 1 1 1 1 0 0 0 1 1 1 1 
1 1 0 1 1 1 1 1 1 0 1 0 0 0 7 0 0 0 7 0 1 1 
1 1 7 1 1 1 0 0 0 0 0 0 1 1 1 0 0 0 1 0 1 1 
1 0 0 0 1 1 0 1 1 1 1 1 1 1 1 1 1 1 1 0 1 1 
1 0 0 0 7 0 0 1 0 0 0 1 1 1 1 1 1 1 1 0 1 1 
1 0 0 0 1 1 1 1 0 0 0 7 0 0 1 0 0 0 1 0 1 1 
1 1 7 1 1 0 0 1 0 0 0 1 1 0 1 0 0 0 7 0 1 1 
1 0 0 0 0 0 1 1 1 1 1 1 1 7 1 0 0 0 1 0 1 1 
1 1 1 1 1 1 1 0 0 0 1 1 1 0 1 1 7 1 1 0 1 1 
1 0 0 0 0 0 7 0 0 0 7 0 0 0 0 0 0 0 1 0 1 1 
1 0 1 1 1 1 1 0 0 0 1 1 1 1 1 1 1 1 1 0 1 1 
1 0 1 7 0 0 1 1 1 1 1 1 1 1 1 0 7 1 1 0 1 1 
1 0 1 1 1 0 1 0 0 0 1 1 1 1 1 1 0 0 1 0 1 1 
1 0 0 0 0 0 1 0 0 0 7 0 0 0 7 0 0 0 7 0 1 1 
1 1 1 1 1 0 1 0 0 0 1 1 1 1 1 0 0 0 1 0 1 1 
1 0 0 0 0 0 1 1 7 1 1 1 1 1 1 1 1 1 1 0 1 1 
1 0 1 1 1 1 1 1 0 1 0 1 1 1 0 0 0 1 1 7 1 1 
1 0 0 7 2 1 1 1 0 1 7 0 0 0 0 0 0 1 0 0 1 1 
1 1 1 1 1 1 1 1 0 1 0 1 1 1 0 0 0 7 0 6 1 1 
1 1 1 0 7 0 0 0 0 1 0 0 0 1 1 1 1 1 1 1 1 1 
1 1 1 1 1 1 1 1 1 1 1 1 1 1 1 1 1 1 1 1 1 1 
level3 22
1 1 1 1 1 1 1 1 1 1 1 1 1 1 1 1 1 1 1 1 1 1 
1 1 1 1 0 0 0 1 1 1 1 1 1 1 1 1 1 1 1 0 5 1 
1 1 1 1 0 0 0 1 1 1 1 0 0 0 0 1 1 1 0 7 0 1 
1 1 1 1 1 7 1 1 1 1 1 0 1 1 0 1 1 1 0 0 1 1 
1 0 0 0 0 0 0 0 0 0 1 0 1 1 0 1 1 1 1 7 1 1 
1 1 1 1 1 0 1 1 1 1 1 0 1 1 0 1 1 1 1 0 1 1 
1 1 1 1 1 0 1 1 1 1 0 0 1 1 0 1 1 1 1 0 1 1 
1 1 1 1 1 0 1 1 1 1 0 0 1 1 0 1 1 1 1 0 1 1 
1 0 0 0 0 7 0 0 0 1 0 1 1 1 0 1 1 1 1 0 1 1 
1 0 0 0 0 7 0 0 0 1 0 1 1 1 0 1 1 1 1 0 1 1 
1 1 1 7 1 1 1 1 0 1 0 1 1 1 0 1 1 1 1 0 1 1 
1 0 0 0 0 0 0 0 0 1 0 1 1 1 0 1 1 1 1 0 1 1 
1 0 1 1 7 1 1 1 1 1 0 1 1 1 0 1 1 1 1 0 1 1 
1 0 1 0 0 0 0 0 1 1 0 1 1 1 0 0 0 0 0 0 1 1 
1 0 1 0 0 1 1 0 1 1 0 1 1 1 1 1 1 1 1 1 1 1 
1 0 1 0 1 1 1 0 7 7 0 1 1 1 1 1 1 1 1 1 1 1 
1 0 1 0 0 0 0 0 1 1 0 0 0 0 0 0 0 0 0 0 0 1 
1 0 1 1 1 1 1 0 1 1 1 1 1 1 1 1 1 1 1 1 0 1 
1 0 0 0 6 1 1 0 0 0 0 0 0 0 0 0 0 0 0 1 0 1 
1 1 1 0 0 1 1 1 7 1 1 7 1 1 7 1 1 7 1 1 0 1 
1 1 1 1 0 0 0 0 0 0 0 0 0 0 0 0 0 0 0 0 0 1 
1 1 1 1 1 1 1 1 1 1 1 1 1 1 1 1 1 1 1 1 1 1 
