<<<<<<< HEAD
test 22
1 1 1 1 1 1 1 1 1 1 1 1 1 1 1 1 1 1 1 1 1 1 
1 0 0 0 1 0 1 0 0 0 0 0 1 0 0 0 1 0 0 0 0 1 
1 0 1 0 1 0 1 0 1 1 1 1 1 0 1 0 1 0 1 1 1 1 
1 0 1 0 1 0 1 0 1 0 0 0 1 0 1 0 1 0 0 0 0 1 
1 0 1 0 1 0 1 0 1 0 1 0 1 0 1 0 1 0 1 1 0 1 
1 0 1 0 1 0 1 0 1 1 1 0 1 0 1 0 1 0 1 0 0 1 
1 0 1 0 1 0 1 0 0 0 0 0 1 0 1 0 1 0 1 1 0 1 
1 0 1 0 1 0 1 0 1 1 1 1 1 0 1 0 1 0 0 1 0 1 
1 0 1 0 1 0 0 0 0 0 0 0 0 0 1 0 1 1 1 1 0 1 
1 0 1 0 1 0 1 0 1 1 1 1 1 1 1 0 0 0 0 0 0 1 
1 0 1 0 1 0 1 0 0 0 0 0 0 0 0 0 0 1 1 1 1 1 
1 0 1 0 1 0 1 0 1 1 1 1 1 0 1 1 1 1 0 0 0 1 
1 0 1 0 1 0 1 0 1 0 0 0 0 0 0 0 0 1 0 1 0 1 
1 0 1 0 1 0 1 0 1 1 1 1 1 1 1 1 1 1 1 1 0 1 
1 0 1 0 1 0 1 0 0 0 0 0 0 0 0 0 0 0 0 0 0 1 
1 0 1 0 1 0 1 1 1 1 1 1 1 1 1 1 1 1 1 1 0 1 
1 0 1 0 0 0 0 0 0 0 0 0 0 0 0 0 0 0 0 0 0 1 
1 0 1 0 1 1 1 1 1 1 1 1 1 1 1 1 1 1 1 1 1 1 
1 0 1 0 0 0 0 0 3 0 0 0 0 0 0 0 0 0 0 0 0 1 
1 0 0 0 0 0 0 0 0 0 2 0 1 1 1 1 1 1 1 1 0 1 
1 4 0 0 0 0 0 0 3 0 0 0 0 0 0 0 0 0 0 0 0 1 
1 1 1 1 1 1 1 1 1 1 1 1 1 1 1 1 1 1 1 1 1 1 
level2 22
1 1 1 1 1 1 1 1 1 1 1 1 1 1 1 1 1 1 1 1 1 1 
1 0 0 0 0 0 0 0 0 0 0 0 0 0 0 0 0 0 0 0 0 1 
1 0 0 0 0 0 0 0 0 0 0 0 0 0 0 0 0 0 0 0 0 1 
1 0 0 0 0 0 0 0 0 0 0 0 0 0 0 0 0 0 0 0 0 1 
1 0 0 0 0 0 0 0 0 0 0 0 0 0 0 0 0 0 0 0 0 1 
1 0 0 0 0 0 0 0 0 0 0 0 0 0 0 0 0 0 0 0 0 1 
1 0 0 0 0 0 0 0 0 0 0 0 0 0 0 0 0 0 0 0 0 1 
1 0 0 0 0 0 0 0 0 0 0 0 0 0 0 0 0 0 0 0 0 1 
1 0 0 0 0 0 0 0 0 0 0 0 0 0 0 0 0 0 0 0 0 1 
=======
b 22
1 1 1 1 1 1 1 1 1 1 1 1 1 1 1 1 1 1 1 1 1 1 
>>>>>>> 0f0e1678a37d3f46fd3788ec697aba35ed4932e1
1 0 0 0 0 0 0 0 0 0 0 0 0 0 0 0 0 0 0 0 0 1 
1 0 0 0 0 0 0 0 0 0 0 0 0 0 0 0 0 0 0 0 0 1 
1 0 0 0 0 0 0 0 0 0 0 0 0 0 0 0 0 0 0 0 0 1 
1 0 0 0 0 0 0 0 0 0 0 0 0 0 0 0 0 0 0 0 0 1 
<<<<<<< HEAD
1 0 0 0 0 0 0 0 0 0 0 0 0 0 0 0 0 0 0 0 0 1 
1 0 0 0 0 0 0 0 0 0 0 0 0 0 0 0 0 0 0 0 0 1 
1 0 0 0 0 0 0 0 0 0 0 0 0 0 0 0 0 0 0 0 0 1 
1 0 0 0 0 0 0 0 0 0 0 0 0 0 0 0 0 0 0 0 0 1 
1 0 0 0 0 0 0 0 0 0 0 0 0 0 0 0 0 0 0 0 0 1 
1 0 0 0 0 0 0 0 0 0 0 0 0 0 0 0 0 0 0 0 0 1 
1 0 0 0 0 0 0 0 0 0 6 0 0 0 0 0 0 0 0 0 0 1 
1 0 0 0 0 0 0 0 0 0 0 0 0 0 0 0 0 0 0 0 0 1 
1 1 1 1 1 1 1 1 1 1 1 1 1 1 1 1 1 1 1 1 1 1 
level3 22
1 1 1 1 1 1 1 1 1 1 1 1 1 1 1 1 1 1 1 1 1 1 
1 0 0 0 0 0 0 0 0 0 0 0 0 0 0 0 0 0 0 0 5 1 
1 0 0 0 0 0 0 0 0 0 0 0 0 0 0 0 0 0 0 0 0 1 
1 0 0 0 0 0 0 0 0 0 0 0 0 0 0 0 0 0 0 0 0 1 
1 0 0 0 0 0 0 0 0 0 0 0 0 0 0 0 0 0 0 0 0 1 
1 0 0 0 0 0 0 0 0 0 0 0 0 0 0 0 0 0 0 0 0 1 
1 0 0 0 0 0 0 0 0 0 0 0 0 0 0 0 0 0 0 0 0 1 
1 0 0 0 0 0 0 0 0 0 0 0 0 0 0 0 0 0 0 0 0 1 
1 0 0 0 0 0 0 0 0 0 0 0 0 0 0 0 0 0 0 0 0 1 
1 0 0 0 0 0 0 0 0 0 0 0 0 0 0 0 0 0 0 0 0 1 
1 0 0 0 0 0 0 0 0 0 0 0 0 0 0 0 0 0 0 0 0 1 
1 0 0 0 0 0 0 0 0 0 0 0 0 0 0 0 0 0 0 0 0 1 
1 0 0 0 0 0 0 0 0 0 0 0 0 0 0 0 0 0 0 0 0 1 
1 0 0 0 0 0 0 0 0 0 0 0 0 0 0 0 0 0 0 0 0 1 
1 0 0 0 0 0 0 0 0 0 0 0 0 0 0 0 0 0 0 0 0 1 
1 0 0 0 0 0 0 0 0 0 0 0 0 0 0 0 0 0 0 0 0 1 
1 0 0 0 0 0 0 0 0 0 0 0 0 0 0 0 0 0 0 0 0 1 
1 0 0 0 0 0 0 0 0 0 0 0 0 0 0 0 0 0 0 0 0 1 
1 0 0 0 0 0 0 0 0 0 0 0 0 0 0 0 0 0 0 0 0 1 
1 0 0 0 0 0 0 0 0 0 0 0 0 0 0 0 0 0 0 0 0 1 
1 0 0 0 0 0 0 0 0 0 0 0 0 0 0 0 0 0 0 0 0 1 
1 1 1 1 1 1 1 1 1 1 1 1 1 1 1 1 1 1 1 1 1 1 

Chap 22
1 1 1 1 1 1 1 1 1 1 1 1 1 1 1 1 1 1 1 1 1 1 
1 0 0 0 1 0 1 0 0 0 0 0 1 0 0 0 1 0 0 0 0 1 
1 0 1 0 1 0 1 0 1 1 1 1 1 0 1 0 1 0 1 1 1 1 
1 0 1 0 1 0 1 0 1 0 0 0 1 0 1 0 1 0 0 0 0 1 
1 0 1 0 1 0 1 0 1 0 1 0 1 0 1 0 1 0 1 1 0 1 
1 0 1 0 1 0 1 0 1 1 1 0 1 0 1 0 1 0 1 0 0 1 
1 0 1 0 1 0 1 0 0 0 0 0 1 0 1 0 1 0 1 1 0 1 
1 0 1 0 1 0 1 0 1 1 1 1 1 0 1 0 1 0 0 1 0 1 
1 0 1 0 1 0 0 0 0 0 0 0 0 0 1 0 1 1 1 1 0 1 
1 0 1 0 1 0 1 0 1 1 1 1 1 1 1 0 0 0 0 0 0 1 
1 0 1 0 1 0 1 0 0 0 0 0 0 0 0 0 0 1 1 1 1 1 
1 0 1 0 1 0 1 0 1 1 1 1 1 0 1 1 1 1 0 0 0 1 
1 0 1 0 1 0 1 0 1 0 0 0 0 0 0 0 0 1 0 1 0 1 
1 0 1 0 1 0 1 0 1 1 1 1 1 1 1 1 1 1 1 1 0 1 
1 0 1 0 1 0 1 0 0 0 0 0 0 0 0 0 0 0 0 0 0 1 
1 0 1 0 1 0 1 1 1 1 1 1 1 1 1 1 1 1 1 1 0 1 
1 0 1 0 0 0 0 0 0 0 0 0 0 0 0 0 0 0 0 0 0 1 
1 0 1 0 1 1 1 1 1 1 1 1 1 1 1 1 1 1 1 1 1 1 
1 0 1 0 0 0 0 0 0 0 0 0 0 0 0 0 0 0 0 0 0 1 
1 0 1 1 1 1 1 1 1 1 1 1 1 1 1 1 1 1 1 1 0 1 
1 4 0 0 0 0 0 0 0 0 0 0 0 0 0 0 0 0 0 0 0 1 
=======
1 1 1 1 1 1 1 1 1 1 1 1 1 1 1 1 1 1 1 1 1 1 
1 0 0 0 0 0 0 0 0 1 0 0 0 0 0 1 0 0 0 1 0 1 
1 0 1 1 1 0 1 0 0 0 0 0 1 0 0 0 0 1 0 0 0 1 
1 0 0 0 0 1 1 1 0 1 1 1 0 0 1 0 1 1 1 1 1 1 
1 1 1 1 0 0 0 0 0 1 1 1 0 0 1 0 1 0 0 0 0 1 
1 0 0 0 0 1 1 1 1 1 1 1 0 1 1 0 1 0 1 1 0 1 
1 0 1 1 0 0 0 0 0 0 0 0 0 0 0 0 0 0 0 1 0 1 
1 1 0 0 0 0 1 1 0 1 1 1 0 1 1 1 0 1 0 0 0 1 
1 0 0 1 0 0 1 0 0 0 0 0 0 0 0 1 0 1 0 1 0 1 
1 1 1 1 0 0 1 0 1 1 1 1 0 1 1 1 0 1 0 1 0 1 
1 0 0 0 0 0 1 0 0 1 0 0 0 0 0 1 0 1 0 1 1 1 
1 0 1 1 1 0 1 0 0 1 0 1 0 1 0 0 0 1 0 0 0 1 
1 0 1 0 0 0 1 1 0 0 0 1 0 1 0 1 0 1 0 1 0 1 
1 0 1 0 0 0 0 1 0 1 0 1 0 1 0 1 0 1 0 1 0 1 
1 0 1 0 1 1 0 1 1 1 0 1 1 1 0 1 0 1 1 1 0 1 
1 4 0 0 1 0 0 0 0 0 0 0 0 0 0 1 0 0 0 0 0 1 
>>>>>>> 0f0e1678a37d3f46fd3788ec697aba35ed4932e1
1 1 1 1 1 1 1 1 1 1 1 1 1 1 1 1 1 1 1 1 1 1 
level2 22
1 1 1 1 1 1 1 1 1 1 1 1 1 1 1 1 1 1 1 1 1 1 
1 0 0 0 0 0 0 0 0 0 0 0 0 0 0 0 0 0 0 0 0 1 
1 0 0 0 0 0 0 0 0 0 0 0 0 0 0 0 0 0 0 0 0 1 
1 0 0 0 0 0 0 0 0 0 0 0 0 0 0 0 0 0 0 0 0 1 
1 0 0 0 0 0 0 1 1 0 0 0 0 0 0 0 0 0 0 0 0 1 
1 0 0 0 0 0 1 0 0 0 0 0 0 0 0 0 1 0 0 0 0 1 
1 0 0 0 0 0 0 0 0 0 0 0 0 0 0 0 0 0 0 0 0 1 
1 0 0 0 0 0 0 0 0 0 0 0 0 0 0 1 0 0 0 0 0 1 
1 0 0 0 0 0 0 0 0 0 0 0 0 0 0 0 0 0 0 0 0 1 
1 0 0 0 0 0 0 0 0 0 0 0 0 0 0 0 0 0 0 0 0 1 
1 0 0 0 0 0 0 0 0 0 1 0 0 0 0 0 0 0 0 0 0 1 
1 0 0 0 0 0 0 0 0 0 0 0 1 0 1 0 0 0 0 0 0 1 
1 0 0 0 0 0 0 0 0 0 0 0 0 0 0 0 0 0 0 0 0 1 
1 0 0 0 0 0 0 0 0 0 0 0 0 0 0 0 0 0 0 0 0 1 
1 0 0 0 0 0 0 0 0 0 0 0 0 0 0 0 0 0 0 0 0 1 
1 0 0 0 0 0 0 0 0 0 0 0 0 0 0 0 0 0 0 0 0 1 
1 0 0 0 0 0 0 0 0 0 0 0 0 0 0 0 0 0 0 0 0 1 
1 0 0 0 0 0 0 0 1 0 0 0 0 0 0 0 0 0 0 0 0 1 
1 0 0 0 0 0 0 0 0 0 0 0 0 0 0 0 0 0 0 0 0 1 
1 0 0 0 0 0 0 0 0 0 0 0 0 0 0 0 0 0 0 0 0 1 
1 0 0 0 0 0 0 0 0 0 0 0 0 0 0 0 0 0 0 0 0 1 
1 1 1 1 1 1 1 1 1 1 1 1 1 1 1 1 1 1 1 1 1 1 
<<<<<<< HEAD
=======

>>>>>>> 0f0e1678a37d3f46fd3788ec697aba35ed4932e1
level3 22
1 1 1 1 1 1 1 1 1 1 1 1 1 1 1 1 1 1 1 1 1 1 
1 0 0 0 0 0 0 0 0 0 0 0 0 0 0 0 0 0 0 0 5 1 
1 0 0 0 0 0 0 0 0 0 0 0 0 0 0 0 0 0 0 0 0 1 
1 0 0 0 0 0 0 0 0 0 0 0 0 0 0 0 0 0 0 0 0 1 
<<<<<<< HEAD
1 0 0 0 0 0 0 0 0 0 0 0 0 0 0 0 0 0 0 0 0 1 
1 0 0 0 0 0 0 0 0 0 0 1 0 0 0 0 0 0 0 0 0 1 
1 0 0 0 0 0 0 0 0 0 0 0 0 0 0 0 0 0 0 0 0 1 
1 0 0 0 0 0 0 0 0 0 0 0 0 0 0 0 1 0 0 0 0 1 
1 0 0 0 0 0 0 0 0 0 0 0 0 0 0 0 0 0 0 0 0 1 
1 0 0 0 0 0 0 0 0 0 0 0 0 0 0 0 0 0 0 0 0 1 
1 0 0 0 0 0 0 0 0 0 0 0 0 0 0 0 0 0 0 0 0 1 
1 0 0 0 0 0 0 0 0 0 0 0 0 0 0 1 0 1 0 0 0 1 
1 0 0 0 0 0 0 0 0 0 0 0 0 0 0 0 0 0 0 0 0 1 
1 0 0 0 0 0 0 0 0 0 1 1 0 0 0 0 0 0 0 0 0 1 
1 0 0 0 0 0 0 0 0 0 0 0 0 0 0 0 0 0 0 0 0 1 
1 0 0 0 0 0 0 0 0 0 0 0 0 0 1 0 0 0 0 0 0 1 
=======
1 0 0 0 0 0 0 0 0 0 0 0 1 1 0 0 0 0 0 0 0 1 
1 0 0 0 0 0 0 0 0 0 0 0 0 1 0 0 0 0 0 0 0 1 
1 0 0 0 0 0 0 0 0 0 0 0 0 1 0 0 0 0 0 0 0 1 
1 0 0 0 0 0 0 0 0 0 0 0 0 1 0 0 0 0 0 0 0 1 
1 0 0 0 0 0 0 0 0 0 0 0 6 1 0 0 0 0 0 0 0 1 
1 0 0 0 0 0 0 0 0 0 0 0 0 1 0 0 0 0 0 0 0 1 
1 0 0 0 0 0 0 0 0 0 0 0 0 1 0 0 0 0 0 0 0 1 
1 0 0 0 0 0 0 0 0 0 0 0 0 1 0 0 0 0 0 0 0 1 
1 0 0 0 0 0 0 0 0 0 0 0 0 1 0 0 0 0 0 0 0 1 
1 0 0 0 0 0 0 0 0 0 0 0 0 1 0 0 0 0 0 0 0 1 
1 0 0 0 0 0 0 0 0 0 0 0 0 1 0 0 0 0 0 0 0 1 
1 0 0 0 0 0 0 0 0 0 0 0 0 1 0 0 0 0 0 0 0 1 
>>>>>>> 0f0e1678a37d3f46fd3788ec697aba35ed4932e1
1 0 0 0 0 0 0 0 0 0 0 0 0 0 0 0 0 0 0 0 0 1 
1 0 0 0 0 0 0 0 0 0 0 0 0 0 0 0 0 0 0 0 0 1 
1 0 0 0 0 0 0 0 0 0 0 0 0 0 0 0 0 0 0 0 0 1 
1 0 0 0 0 0 0 0 0 0 0 0 0 0 0 0 0 0 0 0 0 1 
1 0 0 0 0 0 0 0 0 0 0 0 0 0 0 0 0 0 0 0 0 1 
1 1 1 1 1 1 1 1 1 1 1 1 1 1 1 1 1 1 1 1 1 1 
